FINANCIAL STATISTICS - CONSOLIDATED 
Year
CAPITAL ACCOUNTS(`inlakhs)
REVENUE ACCOUNTS (`inlakhs)
RATIOS
Capital Reserves and 
Surplus
Borrowings
Gross Block
Accumulated 
Depreciation
Net Block
Turnover
Depreciation
Profit/ (Loss) 
Before Taxes
Taxes
Profit/ (Loss) 
After Taxes
Dividend 
including tax
PAT to Sales
Earnings Per Share 
(Basic)*(`)
Dividend Per Share*#(`)
Net Worth 
Per Share* 
(`)
Ordinary 
Share
'A' Ordinary 
Share
Ordinary 
Share
'A' Ordinary 
Share
2001-02
 31,982 
 183,617 
 282,031 
 634,984 
 252,475 
 382,509 
 932,220 
2002-03
 31,983 
 190,018 
 178,965 
 648,959 
 284,038 
 364,921 
 1,144,801 
2003-04
 35,683 
 329,884 
 169,842 
 728,468 
 323,749 
 404,719 
 1,634,104 
2004-05
 36,179 
 403,537 
 271,420 
 834,162 
 375,933 
 458,229 
 2,284,217 
2005-06
 38,287 
 574,860 
 337,914 
 1,027,949 
 484,356 
 543,593 
 2,750,725 
2006-07
 38,541 
 733,626 
 730,190 
 1,294,083 
 542,665 
 751,418 
 3,707,579 
2007-08
 38,554 
 831,198 
 1,158,487 
 1,892,393 
 606,049 
 1,286,344 
 4,060,827 
 39,222 
 40,190 
 42,556 
 53,101 
 62,331 
 68,809 
 78,207 
 (18,015)
 (6,740)
 (10,719)
 45 
-1.1%
(3.95)
 54,350 
 22,640 
 144,487 
 53,077 
 29,712 
 91,529 
 184,809 
 49,062 
 138,534 
 234,898 
 64,000 
 172,809 
 308,800 
 88,321 
 216,999 
 308,629 
 85,154 
 216,770 
 14,497 
 32,099 
 52,346 
 58,439 
 68,822 
 67,674 
2.6%
5.6%
6.1%
6.3%
5.9%
5.3%
9.29 
27.88 
38.50 
45.86 
56.43 
56.24 
 -   
 -   
 -   
 -   
 -   
 -   
 -   
2008-09
 51,405 
 542,659 
 3,497,385 
 6,900,238 
 3,326,905 
 3,573,333 
 7,489,227 
 250,677 
 (212,925)
 33,575 
 (250,525)
 36,458 
-3.3%
(56.88)
(56.88)
 -   
4.00 
8.00 
12.50!
13.00 
15.00 
15.00 
6.00 
15.00 
20.00 
 -   
 -   
 -   
 -   
 -   
 -   
 -   
6.50 
15.50 
20.50 
48.64 
49.14 
155.25 
155.75 
42.58**
42.68**
4.00**
4.10**
31.02 
43.51 
43.44 
32.61 
21.94 
26.46 
(84.89)
(34.88)
(36.99)
(29.88)
6.29 
81.95 
78.80 
31.12 
43.61 
43.54 
32.71 
22.04 
26.56 
(84.89)
(34.88)
(36.99)
(29.88)
2.00 
2.00 
0.00 
0.20 
 -   
 -   
 -   
 -   
 -   
 -   
2.10 
2.10 
0.00 
0.30 
 -   
 -   
 -   
 -   
 -   
 -   
6.39 
 2.00 
82.05 
 6.00!! 
NA
 6.00 
 2.10 
 6.20!! 
 NA 
66  @
66 
104  @
121  @
160  @
200  @
225  @
114 
++
144 
302 
103 
118 
209 
175 
 238 
^
^^
^^
^^
^^
^^
^^
 171  ^^^
 281 
 177 
 182 
 152 
 116 
 118 
 222 
 329 
2009-10
 57,060 
 763,588 
 3,519,236 
 7,291,985 
 3,441,352 
 3,850,633 
 9,736,054 
 388,713 
 352,264 
 100,575 
 257,106 
 100,185 
2010-11
 63,771 
 1,853,376 
 3,281,055 
 8,291,975 
 3,969,870 
 4,322,105 
 12,684,370 
 465,551 
 1,043,717 
 121,638 
 927,362 
 148,130 
2011-12
 63,475 
 3,206,375 
 4,714,896 
 10,572,497 
 4,951,247 
 5,621,250 
 17,133,935 
 562,538 
 1,353,387 
 (4,004)
 1,351,650 
 148,862 
2012-13
 63,807 
 3,699,923 
 5,371,571 
 12,158,556 
 5,172,265 
 6,986,291 
 19,451,406 
 760,128 
 1,364,733 
 377,666 
 989,261 
2013-14
 64,378 
 6,660,345 
 6,064,228 
 16,619,078 
 6,881,538 
 9,737,540 
 23,745,502 
 1,107,816 
 1,886,897 
 476,479 
 1,399,102 
 75,614 
 76,577 
2014-15
 64,378 
 5,561,814 
 7,361,039 
 18,684,665 
 7,442,406 
 11,242,259 
 26,760,664 
 1,338,863 
 2,170,256 
 764,291 
 1,398,629 
 (3,319)
2015-16
 67,918 
 8,010,349 
 7,046,849 
 21,639,756 
 8,754,689 
 12,885,067 
 28,107,844 
 1,701,418 
 1,398,087 
 287,260 
 1,102,375 
 11,052 
2016-17
 67,922 
 5,738,267 
 7,860,398 
 19,653,773 
 6,756,813 
 12,896,960 
 27,524,666 
 1,790,499 
 931,479 
 325,123 
 745,436 
2017-18
 67,922 
 9,474,869 
 8,895,047 
 25,312,610 
 9,179,519 
 16,133,091 
 29,629,823 
 2,155,359 
 1,115,503 
 434,193 
 898,891 
2018-19
 67,922 
 5,950,034 
 10,617,534 
 26,365,294 
 12,128,250 
 14,237,044 
 30,490,371 
 2,359,063 
 (3,137,115)
 (243,745)
 (2,882,623)
2019-20
 71,954 
 6,235,899 
 11,881,052 
 30,752,494 
 14,557,257 
 16,195,237 
 26,404,112 
 2,142,543 
 (1,057,998)
 254,186 
 (1,207,085)
2020-21
 76,581 
 5,448,091 
 13,590,451 
 33,385,256 
 17,498,474 
 15,886,782 
 25,243,794 
 2,354,671 
 (1,047,428)
 254,186 
 (1,345,139)
2021-22
 76,588 
 4,379,536 
 13,967,704 
 33,353,994 
 18,524,057 
 14,829,937 
 28,150,725 
 2,483,569 
 (700,341)
 423,129 
 (1,144,147)
 -   
 -   
 -   
 -   
 -   
2022-23
 76,602 
 4,455,577 
 12,566,047 
 34,457,526 
 19,906,160 
 14,551,366 
 35,060,015 
 2,486,036 
 339,393 
70,406
 241,429 
 77,116 
2023-24
 76,700 
 8,415,100 
 9,850,100 
 36,931,700 
 21,319,300 
 15,612,400 
 43,970,800 
 2,723,900 
 2,795,500 
 (385,200)
 3,139,900 
 231,000 
2024-25
 73,600 
 11,540,800 
 6,249,900 
 38,491,100 
 20,430,300 
 18,060,800 
 44,593,900 
 2,325,600 
 3,875,500 
 1,060,600 
 2,783,000 
 220,900 
2.6%
7.3%
7.9%
5.1%
5.9%
5.2%
3.9%
2.7%
3.0%
-9.5%
-4.6%
-5.3%
-4.1%
0.7%
7.1%
6.2%
@ On increased capital base due to conversion of Bonds / Convertible Debentures / Warrants / FCCN into shares.
* Equivalent to a face value of Rs.2/- per share.
# Includes Interim Dividend where applicable.
! Includes a special dividend of Rs. 2.50 per share for the Diamond Jubilee Year.
++ On increased capital base due to Rights issue and conversion of FCCN into shares.
^ On increased capital base due to GDS issue and conversion of FCCN into shares.
^^ On increased capital base due to QIP issue and conversion of FCCN into shares.
** Consequent to sub-division of shares, figures for previous years are not comparable
^^^ The figures of FY 2016-17 onwards are as per Ind AS
!! Includes a special dividend of Rs. 3.00 per fully paid up ordinary shares and Rs. 3.10 per fully paid up 'A" Ordinary share
509