FINANCIAL STATISTICS - STANDALONE
CAPITAL ACCOUNTS (` in lakhs)
REVENUE ACCOUNTS (` in lakhs)
Year
Capital
Reserves and 
Surplus
Borrowings
Gross Block
Depreciation
Net Block
Turnover
Depreciation
Profit/ (Loss) 
Before Taxes
Taxes
Profit/ (Loss) 
After Taxes
Dividend 
including tax
PAT to 
Sales
RATIOS
Earnings Per Share 
(Basic)* (`)
Dividend Per 
Share*# (`)
Ordinary 
Share
'A' Ordinary 
Share
Ordinary 
Share
'A' 
Ordinary 
Share
1945-46
1949-50
1953-54
1954-55
1955-56
1956-57
1957-58
1958-59
1959-60
1960-61
1961-62
1962-63
1963-64
1964-65
1965-66
1966-67
1967-68
1968-69
1969-70
1970-71
1971-72
1972-73
1973-74
1974-75
1975-76
1976-77
1977-78
1978-79
1979-80
1980-81
1981-82
1982-83
1983-84
1984-85
1985-86
1986-87
1987-88
1988-89
1989-90
1990-91
1991-92
1992-93
1993-94
1994-95
1995-96
1996-97
1997-98
1998-99
1999-00
2000-01
2001-02
2002-03
2003-04
2004-05
2005-06
2006-07
2007-08
2008-09
2009-10
2010-11
2011-12
2011-13
2013-14
2014-15
2015-16
2016-17
2017-18
2018-19
2019-20
2020-21
2021-22
2022-23
2023-24
2024-25
Notes :
100
200
500
627
658
700
700
1,000
1,000
1,000
1,000
1,000
1,198
1,297
1,640
1,845
1,845
1,845
1,845
1,845
1,949
1,949
1,949
1,949
2,013
2,328
2,118
3,151
3,151
3,151
4,320
4,226
5,421
5,442
5,452
5,452
6,431
10,501
10,444
10,387
11,765
12,510
12,867
13,694
24,182
25,588
25,588
25,590
25,590
25,590
31,982
31,983
35,683
36,179
38,287
38,541
38,554
51,405
57,060
63,771
63,475
63,807
64,378
64,378
67,918
67,922
67,922
67,922
71,954
76,581
76,588
76,602
76,700
73,600
1
11
27
27
120
149
117
206
282
367
432
450
630
787
995
1,027
1,121
1,295
1,333
1,516
2,020
2,194
2,394
2,827
3,691
3,833
4,721
5,106
6,263
8,095
10,275
12,458
14,103
15,188
16,551
15,886
17,491
30,740
37,870
47,921
61,863
64,207
70,745
128,338
217,400
339,169
349,930
350,505
349,822
299,788
214,524
227,733
323,677
374,960
515,420
648,434
745,396
1,171,610
1,439,487
1,937,559
1,899,126
1,849,677
1,853,287
1,421,881
2,168,890
2,012,993
1,949,176
2,148,330
1,766,811
1,829,016
1,917,827
2,170,383
2,937,600
3,270,600
-
94
412
481
812
1,382
1,551
1,245
1,014
1,263
1,471
1,758
2,470
3,275
3,541
4,299
5,350
5,856
6,543
6,048
6,019
5,324
6,434
9,196
9,399
11,816
11,986
11,033
17,739
15,773
25,476
23,361
25,473
30,226
44,651
53,476
44,406
32,396
48,883
48,323
105,168
144,145
141,320
115,569
128,097
253,717
330,874
344,523
300,426
299,888
230,772
145,831
125,977
249,542
293,684
400,914
628,052
1,316,556
1,659,454
1,591,543
1,588,057
1,679,895
1,505,280
2,113,441
1,588,725
1,957,398
1,846,384
1,863,963
2,544,477
2,174,872
2,323,265
1,887,244
1,377,100
860,800
31
233
731
792
1,010
1,352
1,675
2,050
2,201
2,593
2,954
3,281
3,920
4,789
5,432
6,841
7,697
8,584
9,242
10,060
10,931
12,227
13,497
15,838
18,642
20,709
22,430
24,900
28,405
33,055
38,819
43,191
46,838
52,819
61,943
68,352
75,712
83,455
91,488
100,894
123,100
153,612
177,824
217,084
294,239
385,116
487,073
569,865
581,233
591,427
591,006
608,114
627,149
715,079
892,274
1,128,912
1,589,579
2,085,206
2,364,896
2,568,235
2,902,206
3,181,998
3,514,652
3,785,500
4,077,235
4,591,464
4,826,322
5,158,440
5,614,576
5,814,264
3,190,622
3,074,325
3,258,600
3,430,900
2
44
270
303
407
474
668
780
940
1,118
1,336
1,550
1,802
2,144
2,540
3,039
3,608
4,236
4,886
5,620
6,487
7,491
8,471
9,593
10,625
11,685
12,723
13,895
15,099
16,496
18,244
20,219
23,078
26,826
29,030
30,914
34,620
38,460
43,070
48,219
54,609
61,710
70,285
81,595
96,980
117,009
141,899
165,334
182,818
209,067
243,172
271,307
302,369
345,428
440,151
489,454
544,352
625,990
721,292
846,625
996,587
1,161,144
1,355,088
1,603,098
1,852,749
1,853,922
2,156,196
2,311,007
2,654,207
2,881,217
1,636,322
1,511,598
1,700,700
1,837,000
29
189
461
489
603
878
1,007
1,270
1,261
1,475
1,618
1,731
2,118
2,645
2,892
3,802
4,089
4,348
4,356
4,440
4,444
4,736
5,026
6,245
8,017
9,024
9,707
11,005
13,306
16,559
20,575
22,972
23,760
25,993
32,913
37,438
41,092
44,995
48,418
52,675
68,491
91,902
107,539
135,489
197,259
268,107
345,174
404,531
398,415
382,360
347,834
336,807
324,780
369,651
452,123
639,458
1,045,227
1,459,216
1,643,604
1,721,610
1,905,619
2,020,854
2,159,564
2,182,402
2,224,486
2,737,542
2,670,126
2,847,433
2,960,369
2,933,047
1,554,300
1,562,727
1,557,900
1,593,900
12
167
321
445
1,198
2,145
2,694
2,645
2,825
3,735
4,164
4,364
5,151
6,613
7,938
9,065
9,499
10,590
9,935
13,624
15,849
15,653
16,290
22,510
27,003
28,250
28,105
37,486
44,827
60,965
79,244
86,522
85,624
93,353
102,597
119,689
140,255
167,642
196,910
259,599
317,965
309,156
374,786
568,312
790,967
1,012,843
736,279
659,395
896,114
816,422
891,806
1,085,874
1,555,242
2,064,866
2,429,052
3,206,467
3,357,711
2,949,418
4,021,755
5,160,692
5,979,502
5,140,793
4,159,103
4,141,264
4,877,959
5,007,925
6,118,229
7,175,742
4,531,122
4,787,443
4,792,359
6,657,827
7,445,300
7,221,500
2
15
97
35
105
70
129
113
161
180
220
223
260
345
398
505
572
630
662
749
758
820
902
1,134
1,054
1,145
1,101
1,200
1,300
1,616
1,993
2,187
2,923
3,895
3,399
2,157
3,822
4,315
4,891
5,426
6,475
7,456
9,410
11,967
16,444
20,924
25,924
28,132
34,261
34,737
35,468
36,213
38,260
45,016
52,094
58,629
65,231
87,454
103,387
136,077
160,674
181,762
207,030
260,322
245,375
296,939
310,189
309,864
337,529
368,161
176,057
176,686
201,700
200,800
1
11
3
-
125
116
99
155
222
313
378
327
404
479
477
620
395
582
274
673
885
832
1,007
677
855
1,056
1,044
1,514
1,762
2,437
4,188
3,481
2,163
2,703
1,832
293
3,205
8,513
14,829
23,455
20,884
3,030
10,195
45,141
76,072
100,046
32,880
10,716
7,520
(50,034)
(10,921)
51,037
129,234
165,190
205,338
257,318
257,647
101,376
282,954
219,652
134,103
17,493
(102,580)
(397,472)
15,039
(242,077)
(94,692)
239,893
(712,734)
(231,257)
(124,754)
125,480
785,100
735,200
-
5
-
-
32
27
6
13
93
122
188
185
200
208
189
192
66
173
-
270
379
360
450
136
91
-
-
-
-
-
-
460
235
390
215
-
510
1,510
4,575
9,250
7,800
26
20
13,246
23,070
23,810
3,414
970
400
-
(5,548)
21,026
48,200
41,495
52,450
65,972
54,755
1,250
58,946
38,470
9,880
(12,688)
(136,032)
76,423
(8,384)
5,922
8,793
37,833
16,229
8,287
14,332
(147,333)
(5,100)
190,000
1
6
3
-
93
89
93
142
129
191
190
142
204
271
288
428
329
409
274
403
506
472
557
541
764
1,056
1,044
1,514
1,762
2,437
4,188
3,021
1,928
2,313
1,617
293
2,695
7,003
10,254
14,205
13,084
3,004
10,175
31,895
53,002
76,236
29,466
9,746
7,120
(50,034)
(5,373)
30,011
81,034
123,695
152,888
191,346
202,892
100,126
224,008
181,182
124,223
30,181
33,452
(473,895)
23,423
(247,999)
(103,485)
202,060
(728,963)
(239,544)
(139,086)
272,813
790,200
545,200
-
-
-
-
59
44
52
56
108
126
124
124
144
157
191
235
235
235
221
251
273
266
180
266
276
323
313
467
605
605
839
827
923
1,241
1,243
552
1,356
2,444
3,126
4,154
4,389
3,642
5,020
8,068
14,300
22,067
15,484
8,520
7,803
-
-
14,430
31,825
51,715
56,778
67,639
65,968
34,570
99,194
146,703
146,372
72,423
74,196
-
7,300
-
-
-
-
-
-
77,116
231,000
220,900
8.3%
3.6%
0.9%
0.0%
7.8%
4.1%
3.5%
5.4%
4.6%
5.1%
4.6%
3.3%
4.0%
4.1%
3.6%
4.7%
3.5%
3.9%
2.8%
3.0%
3.2%
3.0%
3.4%
2.4%
2.8%
3.7%
3.7%
4.0%
3.9%
4.0%
5.3%
3.5%
2.3%
2.5%
1.6%
0.2%
1.9%
4.2%
5.2%
5.5%
4.1%
1.0%
2.7%
5.6%
6.7%
7.5%
4.0%
1.5%
0.8%
-
-
2.8%
5.2%
6.0%
6.3%
6.0%
6.0%
3.4%
5.6%
3.5%
2.1%
0.6%
0.8%
-11.4%
0.5%
-5.0%
-1.7%
2.8%
-16.1%
-5.0%
-2.9%
4.1%
10.6%
7.5%
0.07
0.03
0.11
-
1.32
1.64
1.72
1.68
1.50
2.26
2.28
1.68
1.97
2.39
2.20
2.80
2.10
2.66
1.72
2.49
3.04
2.87
3.43
3.32
4.60
5.38
5.37
5.36
5.96
8.27
10.18
7.34
3.61
4.32
3.00
0.51
4.25
6.74
9.87
13.69
12.45
2.47
7.91
23.29
21.92
30.40
11.51
3.81
2.78
(18.45)
(1.98)
9.38
24.68
34.38
40.57
49.76
52.64
22.70
42.37
30.28
3.90**
0.93
1.03
(14.72)
0.68
(7.30)
(3.05)
5.94
(21.06)
(6.59)
(3.63)
7.11
20.61
15.44
-
-
-
-
-
-
-
-
-
-
-
-
-
-
-
-
-
-
-
-
-
-
-
-
-
-
-
-
-
-
-
-
-
-
-
-
-
-
-
-
-
-
-
-
-
-
-
-
-
-
-
-
-
-
-
-
-
23.20
42.87
30.78
4.00**
1.03
1.13
(14.72)
0.78
(7.30)
(3.05)
6.04
(21.06)
(6.59)
(3.63)
7.21
20.71
15.43
-
-
-
-
0.60
0.80
0.90
0.90
1.25
1.45
1.45
1.45
1.45
1.45
1.45
1.45+
1.45
1.45
1.35
1.45
1.50
1.50
0.93
1.50
1.50
1.50+
1.50
1.60+
2.00
2.00
2.00+
2.00
2.00
2.30
2.30
1.00
2.30
2.50
3.00
4.00
4.00
3.00
4.00
6.00
6.00
8.00
5.50
3.00
2.50
-
-
4.00
8.00
12.50!
13.00
15.00
15.00
6.00
15.00
20.00
4.00**
2.00
2.00
-
0.20
-
-
-
-
-
-
2.00
6.00!!
6.00
@ On increased capital base due to conversion of Bonds / Convertible Debentures / Warrants / FCCN into shares.
$ On increased capital base due to issue of Bonus Shares. Net Worth excludes ordinary dividends.
* Equivalent to a face value of Rs.2/- per share.
# Includes Interim Dividend where applicable.
+ Including on Bonus Shares issued during the year.
! Includes a special dividend of Rs. 2.50 per share for the Diamond Jubilee Year.
++ On increased capital base due to Rights issue and conversion of FCCN into shares.
^ On increased capital base due to GDS issue and conversion of FCCN into shares.
^^ On increased capital base due to QIP issue and conversion of FCCN into shares.
** Consequent to sub-division of shares, figures for previous years are not comparable
^^^ The figures of FY 2016-17 onwards are as per Ind AS with Joint operation
^^^^ Turnover and depreciation prior to FY 2020-21 includes figures of PV undertaking.
!! Includes a special dividend of Rs. 3.00 per fully paid up ordinary shares and Rs. 3.10 per fully paid up ‘A” Ordinary share
-
-
-
-
-
-
-
-
-
-
-
-
-
-
-
-
-
-
-
-
-
-
-
-
-
-
-
-
-
-
-
-
-
-
-
-
-
-
-
-
-
-
-
-
-
-
-
-
-
-
-
-
-
-
-
-
-
6.50
15.50
20.50
4.10**
2.10
2.10
-
0.30
-
-
-
-
-
-
2.10
6.20!!
NA
Net Worth Per 
Share* (`)
10
10
11
11
12
13
12
12
13
14
15
15
16
17
18
17
18
19
19
20
23
24
26
28
33
30
35
27
31
38
35 @
40
37 @
39
41
40
38 @
40 @
47
56
67 @
63
65
104
100
143
147
147
147
127
77 @
81
102 @
114 @
145 @
178 @
203 @
++
238
^
262
315
^^
62
60
60
46
66
61
59
65
51
50
52
59
79
95
^^^
^^^^
510